48725.36061538147 0.0 504.81267394925914 2345.8154193452488 1768.5340386655926 1975.0909190329658 13.798705896103103 97.61297488585149 0.0 0.0 474.94699305245825 250.6006082364038 119.14113191017317 207.0832200327548 0.0 2251.7511610840547 448.6440450303061 58.53587023543578 
0.0 362.19102801131964 0.0 97.71514682381816 48.52312907374186 0.0 0.0 32.205911645135366 0.0 0.0 0.0 0.0 0.0 7.743380851516906 0.0 0.0 30.226971412577235 0.0 
504.81267394925914 0.0 20396.010338046508 2581.172569254617 1380.085042065211 867.5805614503574 85.92299304997762 218.49919737148932 21.83762371401737 0.0 101.10911537194455 339.5449425727957 41.215469874748266 289.4175135248334 0.0 323.543758071705 302.01687774636275 216.96208020570967 
2345.8154193452488 97.71514682381816 2581.172569254617 22687.106834233364 3333.4864754177825 1213.8840747621623 333.2031220495308 332.1052424197944 35.378893947200055 14.512754363940376 142.35501052045913 544.4081742452883 65.8188332064762 1073.3222615517413 117.73815694816913 828.9043561717638 2171.2754673129075 1486.066082038952 
1768.5340386655926 48.52312907374186 1380.085042065211 3333.4864754177825 37135.16410994268 1143.9226584866049 1267.9501045481672 557.2076864333641 40.65819890224872 0.0 1500.7642107985444 4452.1538114026 172.6575329997281 124.48670656089907 12.050265393373737 602.3872671098613 2419.3111937001427 653.4998007200651 
1975.0909190329658 0.0 867.5805614503574 1213.8840747621623 1143.9226584866049 18437.79841541241 58.72215298613306 213.81112184841822 33.57998283003313 57.85426138410792 116.60754860327462 794.2926455949605 0.0 83.72056037882336 0.0 6099.9937404250295 227.90739598710684 146.79511517985176 
13.798705896103103 0.0 85.92299304997762 333.2031220495308 1267.9501045481672 58.72215298613306 8037.652711797458 0.0 0.0 0.0 0.0 100.11876318564158 0.0 205.17759996663847 0.0 0.0 25.83641588327101 66.81706425455747 
97.61297488585149 32.205911645135366 218.49919737148932 332.1052424197944 557.2076864333641 213.81112184841822 0.0 2512.4541005806745 20.98893800279419 0.0 48.58983243439867 326.3490497937356 128.7445052712393 93.64130073422962 0.0 101.40317176840617 241.8995463147594 0.0 
0.0 0.0 21.83762371401737 35.378893947200055 40.65819890224872 33.57998283003313 0.0 20.98893800279419 288.43548932518445 0.0 0.0 9.542072789042985 0.0 15.139333028232517 0.0 27.870179486215292 14.77443107296682 0.0 
0.0 0.0 0.0 14.512754363940376 0.0 57.85426138410792 0.0 0.0 0.0 171.23339138009626 0.0 0.0 0.0 0.0 0.0 0.0 0.0 0.0 
474.94699305245825 0.0 101.10911537194455 142.35501052045913 1500.7642107985444 116.60754860327462 0.0 48.58983243439867 0.0 0.0 1296.770166977623 493.34554381178594 10.50212692860966 0.0 0.0 50.182261917633554 136.8124733235118 0.0 
250.6006082364038 0.0 339.5449425727957 544.4081742452883 4452.1538114026 794.2926455949605 100.11876318564158 326.3490497937356 9.542072789042985 0.0 493.34554381178594 4665.639606744846 90.04665954725947 0.0 0.0 516.323417333533 351.91460618192275 0.0 
119.14113191017317 0.0 41.215469874748266 65.8188332064762 172.6575329997281 0.0 0.0 128.7445052712393 0.0 0.0 10.50212692860966 90.04665954725947 616.4668101531822 7.143345042029173 0.0 0.0 0.0 0.0 
207.0832200327548 7.743380851516906 289.4175135248334 1073.3222615517413 124.48670656089907 83.72056037882336 205.17759996663847 93.64130073422962 15.139333028232517 0.0 0.0 0.0 7.143345042029173 7839.021928523138 13.460973613770701 238.9310755932898 58.16076053252371 72.19821122842644 
0.0 0.0 0.0 117.73815694816913 12.050265393373737 0.0 0.0 0.0 0.0 0.0 0.0 0.0 0.0 13.460973613770701 877.9077555789505 0.0 0.0 0.0 
2251.7511610840547 0.0 323.543758071705 828.9043561717638 602.3872671098613 6099.9937404250295 0.0 101.40317176840617 27.870179486215292 0.0 50.182261917633554 516.323417333533 0.0 238.9310755932898 0.0 33554.353709671595 71.37922708014501 4.922613026825015 
448.6440450303061 30.226971412577235 302.01687774636275 2171.2754673129075 2419.3111937001427 227.90739598710684 25.83641588327101 241.8995463147594 14.77443107296682 0.0 136.8124733235118 351.91460618192275 0.0 58.16076053252371 0.0 71.37922708014501 17462.82681436124 215.28840778453383 
58.53587023543578 0.0 216.96208020570967 1486.066082038952 653.4998007200651 146.79511517985176 66.81706425455747 0.0 0.0 0.0 0.0 0.0 0.0 72.19821122842644 0.0 4.922613026825015 215.28840778453383 34677.65564961127 